0 0 0 0 0 0 -0.063676 -0.137429 2.630303 -0.000019 -0.000505 -0.023874
1 10 0 0 0 0 -0.067741 -0.148365 2.616716 0.000293 -0.000274 -0.023592
2 20 0 0 0 0 -0.063883 -0.142095 2.643978 0.000146 -0.000400 -0.023928
3 30 0 0 0 0 -0.071709 -0.155288 2.616843 0.000447 -0.000586 -0.023601
4 40 0 0 0 0 -0.067872 -0.130474 2.630550 0.000112 -0.000315 -0.024040
5 50 0 0 0 0 -0.079722 -0.146245 2.623620 0.000302 -0.000317 -0.023825
6 60 0 0 0 0 -0.071825 -0.141734 2.636883 0.000233 -0.000083 -0.023758
7 70 0 0 0 0 -0.072013 -0.142054 2.644281 0.000237 -0.000194 -0.024098
8 81 0 0 0 0 -0.060176 -0.153946 2.677948 0.000470 -0.000649 -0.023985
9 91 0 0 0 0 -0.063515 -0.127790 2.609536 0.000127 -0.000659 -0.023593
10 102 0 0 0 0 -0.072295 -0.152135 2.692140 0.000191 -0.000313 -0.024551
11 112 0 0 0 0 -0.072039 -0.141295 2.597342 0.000522 -0.000250 -0.023931
12 123 0 0 0 0 -0.051715 -0.144444 2.656696 0.000140 -0.000681 -0.023531
13 133 0 0 0 0 -0.059611 -0.133975 2.569415 0.000179 -0.000196 -0.023417
14 144 0 0 0 0 -0.059701 -0.138748 2.583020 0.000251 -0.000255 -0.023474
15 157 0 0 0 0 -0.064114 -0.132462 2.637089 0.000481 -0.000119 -0.023806
16 169 0 0 0 0 -0.063827 -0.132800 2.656677 0.000487 -0.000772 -0.023647
17 180 0 0 0 0 -0.048040 -0.151176 2.644040 0.000293 -0.000492 -0.023696
18 192 0 0 0 0 -0.059512 -0.129964 2.602786 -0.000080 -0.000246 -0.023529
19 204 0 0 0 0 -0.059502 -0.143073 2.556095 0.000128 -0.000313 -0.023366
20 216 0 0 0 0 -0.063816 -0.132129 2.622916 0.000285 0.000102 -0.023465
21 228 0 0 0 0 -0.071723 -0.132088 2.603121 0.000382 -0.000349 -0.023649
22 240 0 0 0 0 -0.063883 -0.150557 2.597157 0.000574 -0.000790 -0.023712
23 252 0 0 0 0 -0.059679 -0.125533 2.616387 0.000141 -0.000461 -0.023642
24 263 0 0 0 0 -0.067518 -0.143595 2.609408 0.000222 -0.000323 -0.023367
25 274 0 0 0 0 -0.080285 -0.138338 2.705117 0.000263 -0.000148 -0.024548
26 286 0 0 0 0 -0.075890 -0.126323 2.670592 0.000038 -0.000103 -0.024150
27 297 0 0 0 0 -0.047447 -0.164057 2.569667 0.000118 -0.000775 -0.023203
28 308 0 0 0 0 -0.063455 -0.150546 2.602865 0.000090 -0.000405 -0.023369
29 320 0 0 0 0 -0.071852 -0.156049 2.657560 0.000356 -0.000750 -0.023941
30 331 0 0 0 0 -0.072095 -0.137741 2.677538 0.000457 -0.000407 -0.024041
31 342 0 0 0 0 -0.059611 -0.139295 2.622964 0.000060 -0.000253 -0.023473
32 353 0 0 0 0 -0.060327 -0.154590 2.711961 0.000281 -0.000541 -0.024321
33 364 0 0 0 0 -0.083565 -0.153801 2.657212 -0.000121 -0.000192 -0.023997
34 375 0 0 0 0 -0.063962 -0.146340 2.643667 0.000501 -0.000402 -0.023645
35 386 0 0 0 0 -0.048144 -0.128079 2.630646 0.000132 -0.000093 -0.023910
36 397 0 0 0 0 -0.075934 -0.149512 2.671320 0.000105 -0.000451 -0.024275
37 408 0 0 0 0 -0.072062 -0.151272 2.651095 0.000378 -0.000311 -0.024045
38 419 0 0 0 0 -0.067634 -0.134713 2.623062 0.000277 -0.000534 -0.023593
39 430 0 0 0 0 -0.063756 -0.146754 2.650441 0.000024 -0.000348 -0.023816
40 441 0 0 0 0 -0.067656 -0.130262 2.629815 0.000110 -0.000312 -0.023701
41 452 0 0 0 0 -0.055911 -0.150481 2.603551 0.000381 -0.000286 -0.023529
42 463 0 0 0 0 -0.059705 -0.134529 2.603175 0.000281 -0.000578 -0.023590
43 474 0 0 0 0 -0.071697 -0.151805 2.670828 -0.000099 -0.000473 -0.024049
44 485 0 0 0 0 -0.056056 -0.146378 2.643805 0.000506 -0.000445 -0.023641
45 496 0 0 0 0 -0.063312 -0.136333 2.562457 -0.000025 -0.000394 -0.023369
46 507 0 0 0 0 -0.060074 -0.143419 2.590474 0.000610 -0.000370 -0.023700
47 518 0 0 0 0 -0.056584 -0.134121 2.718988 0.000207 -0.000329 -0.024648
48 529 0 0 0 0 -0.071920 -0.159620 2.603832 0.000610 -0.000372 -0.023655
49 540 0 0 0 0 -0.063745 -0.146318 2.610465 0.000217 -0.000677 -0.023823
50 551 0 0 0 0 -0.059376 -0.134188 2.569272 -0.000009 -0.000523 -0.023424
51 563 0 0 0 0 -0.059940 -0.153275 2.624089 0.000274 -0.000431 -0.023817
52 574 0 0 0 0 -0.067776 -0.144347 2.643790 0.000033 -0.000216 -0.023872
53 585 0 0 0 0 -0.063586 -0.154566 2.569570 0.000544 -0.000683 -0.023262
54 597 0 0 0 0 -0.055832 -0.123487 2.623532 0.000061 -0.000427 -0.023864
